-7.45437153333333
5.4804341
12.5766421666667
-10.2646633
6.69600011666667
5.39247673333333
-0.13938375
-4.14313545
-4.8875024
-5.31490341666667
-3.36633666666667
-5.5078124
-5.78004935
-0.377305783333333
10.862862
-0.466900566666667
0.90747595
-5.00255476666667
-5.71765508333333
15.1351620666667
1.45714536666667
-1.83784748333333
-4.88321873333333
5.3420171
-4.5372155
-8.70059395
6.120692
-6.9544073
0.211719483333333
-5.84087755
12.1172436666667
-3.90913435
-4.40975291666667
-4.06364366666667
-8.91952265
-5.8628405
-9.46385611666667
-6.40938246666667
-2.77568528333333
-2.76748088333333
15.0306897833333
-6.63286783333333
-5.53930143333333
-2.09166851666667
-6.4821656
-4.28430961666667
-8.31724511666666
-8.00874358333333
-3.65889855
0.29632405
-10.0548016833333
-0.0372895333333333
-6.9678001
-5.56437013333333
2.40184846666667
7.0087214
14.68843015
-4.77249085
14.20026885
-5.31774168333333
6.30371518333333
15.77588515
2.80527273333333
-3.33400243333333
-0.2578517
15.0108795166667
-8.16663653333333
14.0557515
13.1693289833333
5.63073586666667
2.08783018333333
0.224711783333333
-0.201691966666667
6.13353673333333
14.6634911166667
2.16432125
-8.21474886666667
-3.33799196666667
4.81600381666667
-2.78477433333333
0.4591462
1.6170886
-8.92819263333334
1.38912821666667
9.92185173333334
8.07315598333333
2.99226811666667
-2.1501936
2.50642371666667
-5.4440084
4.4819717
2.8136556
15.0058616
12.4737242833333
-4.27108978333333
4.79728883333333
-1.80755163333333
9.92363916666666
10.4280248833333
14.7696782833333
