-9.84431242683256
3.04099089428257
9.78670925075625
-15.1314095169831
6.06339874217299
5.18621110036814
-1.50429455087305
-1.74366377030597
-3.34040599724556
-1.32201383622345
-2.039941975665
-4.20717802874867
-5.83143546286168
1.005810982565
8.37351408073772
2.00284583396739
0.325301858159304
-2.35761240825886
-3.23674878282199
20.6897825382531
-0.595484728170555
0.243712015083182
-4.02925060753321
4.29298415834211
-2.42208788697482
-8.6815633793776
7.83192471858811
-5.30746648622173
3.02942500346564
-4.44203381659848
10.2968071697385
-2.67355749087685
-2.79075727332603
-1.66762609275641
-12.4681957117936
-3.21282417878939
-8.15055504914585
-2.85503269796191
-1.44064863523249
-2.67987051810193
15.0992529806543
-5.88065144076711
-1.41676256160514
-0.347449247735257
-8.40532304563022
-1.65517637461641
-7.12470620470529
-10.7474432789722
-1.63714996819336
1.18542202458727
-12.9023641145059
0.318464321265872
-5.73064619797778
-6.92422679001036
1.07321194972336
6.07316186809281
13.7107498507758
-4.13486669512209
15.93248249292
-1.98039480302988
8.22824358028055
23.1956992695566
1.89297478885834
0.734379895028783
-0.94088464993721
16.1884831231195
-10.0818426085185
12.7808244519901
12.8826098562314
6.02513330851844
4.49551128238135
-2.40093834772804
0.280007426357764
6.64596339675226
15.1515535080505
3.56567936535225
-8.63130340308497
-3.64319654518941
6.15279007860046
-1.57262202963938
-0.77636848921682
0.325687313572667
-10.105788004189
1.84087359093677
11.2729228352974
14.4560564393916
4.50600745777872
-0.951573908242273
2.3968338089852
-3.26941787720855
4.52194509380774
0.462113718346468
20.2974112388203
10.6325208531056
-4.62498838090741
5.35273521042244
-0.90770224420927
11.8056718464551
10.7651231763364
20.0591576721268
